-1.806825280189514160e+00 1.395045638084411621e+00 1.683196544647216797e+00 1.903415395645424724e-04 1.128118950873613358e-02 -1.762107133865356445e+00 -6.996386218816041946e-05 -1.009663194417953491e-02 2.204563915729522705e-01 -7.266768813133239746e-01 -8.855111664161086082e-04 -2.243853919208049774e-02 5.706286756321787834e-04
1.395045757293701172e+00 -6.672409772872924805e-01 -6.948261857032775879e-01 6.908228970132768154e-04 -1.052150689065456390e-02 7.209212183952331543e-01 -5.202168249525129795e-04 1.259077433496713638e-02 2.158920466899871826e-01 2.876806259155273438e-01 1.655827159993350506e-03 3.624558076262474060e-02 1.237277610925957561e-04
-1.690749645233154297e+00 6.924178004264831543e-01 1.209827780723571777e+00 -7.044841768220067024e-04 1.191306486725807190e-02 -7.255492210388183594e-01 3.315468493383377790e-04 -1.666538976132869720e-02 2.276235818862915039e-01 -6.581910848617553711e-01 -6.900835433043539524e-04 -2.926247939467430115e-02 -5.064872093498706818e-04
2.537498949095606804e-04 -1.888659317046403885e-04 -7.847333909012377262e-04 -7.319405674934387207e-01 3.693122416734695435e-04 8.443485712632536888e-04 3.535490930080413818e-01 -6.152424612082540989e-05 -2.406206040177494287e-04 1.430083939339965582e-04 3.641343116760253906e-01 -2.220253809355199337e-04 5.453873425722122192e-03
1.185492146760225296e-02 -1.802100427448749542e-02 -2.089864015579223633e-02 3.693121543619781733e-04 -1.103216290473937988e+00 2.513029612600803375e-02 -6.152402784209698439e-05 8.455128073692321777e-01 -6.483276840299367905e-03 1.675547845661640167e-02 -2.220253081759437919e-04 5.111089348793029785e-01 1.016734386212192476e-04
1.759238123893737793e+00 -7.243220210075378418e-01 -7.255492210388183594e-01 1.115455990657210350e-03 -1.433854736387729645e-02 8.521214723587036133e-01 -1.084035029634833336e-03 1.231245696544647217e-02 2.308688759803771973e-01 3.759568035602569580e-01 2.151489024981856346e-03 5.205744504928588867e-02 6.786261219531297684e-04
3.281583485659211874e-04 -3.005018224939703941e-04 8.050430915318429470e-04 3.537692725658416748e-01 -1.792473085515666753e-05 -1.011254615150392056e-03 2.886713147163391113e-01 8.844221883919090033e-05 4.004962393082678318e-04 -2.010662137763574719e-04 1.585117541253566742e-02 -2.594515972305089235e-04 -5.036709830164909363e-03
-7.301497273147106171e-03 1.298191025853157043e-02 1.564847864210605621e-02 -1.792436887626536191e-05 8.452926874160766602e-01 -1.516547612845897675e-02 8.844221883919090033e-05 -5.455541610717773438e-01 9.052834473550319672e-03 -1.207048632204532623e-02 -2.594515972305089235e-04 -7.422114163637161255e-02 8.440929814241826534e-04
2.202713638544082642e-01 2.166750431060791016e-01 -7.858721166849136353e-02 1.139762957791390363e-06 -6.349490024149417877e-03 -2.593977749347686768e-01 2.336138277314603329e-04 8.067088201642036438e-03 4.577852785587310791e-01 6.745320744812488556e-03 3.915616543963551521e-04 1.001683715730905533e-02 4.088114947080612183e-04
-7.267836928367614746e-01 2.881326675415039062e-01 5.661168098449707031e-01 -2.194692642660811543e-04 1.872885972261428833e-02 -3.636101186275482178e-01 -6.916475103935226798e-05 -1.601592451333999634e-02 6.866601295769214630e-03 5.395120382308959961e-01 -3.342194249853491783e-04 -2.883468940854072571e-02 -5.233860065345652401e-05
-3.954337153118103743e-04 -2.849754819180816412e-04 -6.882084562676027417e-05 -3.681890368461608887e-01 -3.375675587449222803e-04 5.602713208645582199e-04 -1.623428612947463989e-02 2.564315509516745806e-04 -4.682513244915753603e-04 1.777662982931360602e-04 3.628171682357788086e-01 5.850765155628323555e-04 9.014896117150783539e-03
1.585420966148376465e-02 -4.224720597267150879e-02 -3.154167532920837402e-02 -3.375675878487527370e-04 -3.500018119812011719e-01 5.774407461285591125e-02 2.564315509516745806e-04 3.911489620804786682e-02 -9.586938656866550446e-03 1.753526739776134491e-02 5.850765155628323555e-04 2.328980714082717896e-01 -1.174597302451729774e-03
6.140469922684133053e-04 -9.672652959125116467e-05 -2.221463801106438041e-04 6.545607931911945343e-03 5.312422290444374084e-04 -2.503285941202193499e-04 -7.784973364323377609e-03 -2.632510440889745951e-04 4.319270956330001354e-04 -9.237627091351896524e-05 -1.149755623191595078e-02 -5.804650718346238136e-04 5.355641841888427734e-01
